292616681
1638893262
255706927
995816787
588263094
1540293802
343418821
903681492
898530248
1459533395
276971287
2009154155
53369804
1490425251
552672860
21619323
1699833725
664174788
790840026
1896536826
1571189750
734924384
406503944
1440900671
218157530
822512658
933868626
108410652
1674463757
151847075
1740207247
1967080438
1790740337
1995914174
815413577
231519783
1388724329
1158832398
1135201276
139770929
470882145
1412172563
1441436
524251950
755114166
554114296
545871273
307464244
1218289084
1336711300
56517422
641995186
2071635684
463021366
2082895857
142309566
1285534024
869280835
250720218
812514133
1021127910
1990927466
632110923
664384599
1839357992
1447524500
895904383
1080598673
458873250
2031105659
1220369602
929755396
1295794574
1221811038
1454007346
2050908740
1775925334
1999878619
210889336
846730770
1189106271
267406759
1488725956
1113258307
730428125
1424138166
1255567873
2015962150
145935353
1506288092
680992635
1167063264
1349731910
1313103559
1831447863
1041606254
613144411
579868598
2122204928
1072017662






















print *(int*)0x7fffffffdc74
break rand
